12 4
5 6 15 9 1 2 0 4 8 7 11 10 12 14 13 16
2 3 12 4 0 6 7 8 1 14 13 16 9 10 11 15
10 11 13 14 12 9 16 15 2 3 5 4 1 6 7 8
8 0 16 7 10 11 14 13 6 12 9 15 2 3 5 4
1 4 3 8 2 5 6 10 9 13 7 11 14 0 15 12
6 2 5 11 4 3 1 12 10 16 15 14 13 0 8 9
7 9 14 12 13 8 15 16 3 1 6 5 4 2 10 11
13 15 10 16 9 7 11 14 4 2 0 12 3 5 1 6
4 5 1 2 6 10 8 11 12 15 14 3 16 13 9 7
3 7 9 10 14 15 13 0 5 8 16 6 11 12 4 2
0 8 6 15 7 16 4 9 13 11 10 2 5 1 3 14
14 16 11 13 3 12 2 5 7 9 4 1 15 8 6 10
11 10 8 3 15 14 9 7 16 5 2 13 0 4 12 1
15 12 7 6 11 13 5 2 14 4 1 8 10 9 16 3
9 0 4 5 0 1 10 3 11 6 12 0 8 15 2 13
16 13 2 1 8 4 12 6 15 10 3 9 7 11 14 5
