2 15 4 7 3 1 5 0 10 8 9 12 11 13 14 16
6 12 16 3 2 4 7 8 1 0 13 14 9 5 10 15
10 8 1 13 9 11 12 14 2 15 5 16 3 7 4 6
9 5 14 11 10 13 15 16 3 4 7 6 1 8 12 2
1 3 5 6 12 16 0 4 0 9 8 13 14 11 15 10
4 2 7 8 6 10 14 11 5 12 1 15 0 3 0 9
11 9 10 12 8 15 3 13 4 16 14 2 6 1 5 7
0 14 15 16 1 7 9 5 6 10 11 3 4 12 2 8
3 1 2 4 5 8 10 12 14 7 16 11 15 9 6 13
5 6 9 10 7 14 13 15 12 1 2 4 8 16 11 3
7 11 13 15 4 2 16 9 8 3 0 10 0 14 1 5
8 16 12 14 11 3 6 1 9 13 15 5 2 10 7 4
14 13 6 9 0 0 11 10 16 5 4 8 0 2 3 1
16 4 11 2 13 5 1 7 15 14 3 9 10 6 8 12
15 10 3 1 16 9 8 2 11 6 12 7 5 4 13 14
12 7 8 5 14 6 4 3 13 2 10 1 16 15 9 11
12 4