14 6 16 8 1 2 0 4 7 0 9 10 12 11 15 13
10 11 7 1 5 8 6 9 2 13 12 15 0 4 16 14
13 15 4 9 10 7 12 11 1 3 14 16 2 5 6 8
5 3 12 2 13 15 14 16 4 6 0 8 1 9 7 10
1 2 3 4 15 14 10 12 8 9 5 6 16 0 13 11
6 5 10 7 9 4 1 8 3 11 16 13 14 15 2 12
8 9 14 16 11 5 13 3 12 15 7 2 6 10 1 4
11 12 13 15 7 6 16 2 0 4 1 14 5 3 8 9
4 0 6 0 8 9 7 13 5 10 2 3 15 14 12 16
0 8 5 3 12 1 15 14 16 7 4 9 10 13 11 6
7 13 9 0 4 16 11 10 6 12 15 1 8 2 3 5
12 16 15 10 2 3 5 6 14 8 13 11 9 1 4 7
9 4 1 13 14 11 2 5 15 16 8 12 7 6 10 3
3 14 0 6 16 13 8 15 9 2 10 7 4 12 5 1
0 10 2 5 3 12 9 7 13 1 6 4 11 8 14 15
15 7 8 12 6 10 4 1 11 14 3 5 13 16 9 2
12 4