22 5
2 10 6 11 3 1 4 5 7 9 8 12 15 13 16 14
4 5 1 7 2 6 8 0 13 15 16 14 3 10 0 11
15 14 0 12 7 13 11 16 1 2 3 10 4 5 6 8
13 3 16 0 10 14 12 15 4 6 11 5 1 2 7 9
0 0 3 4 0 15 6 8 11 7 9 13 10 16 14 0
5 6 8 0 4 12 16 7 2 10 14 3 11 1 13 0
7 11 0 13 14 3 10 2 8 16 1 15 9 6 4 0
10 15 14 16 1 9 13 0 5 12 6 4 2 7 8 3
3 1 2 5 8 10 7 12 6 14 4 11 16 9 15 13
6 4 11 15 0 2 5 13 10 8 0 16 12 14 0 1
9 12 0 14 6 16 3 4 15 5 13 1 8 11 2 10
8 16 13 10 15 11 1 14 9 3 12 2 6 4 5 7
12 7 5 1 16 8 2 3 14 11 10 6 13 15 9 4
11 8 0 2 12 7 0 10 16 13 15 9 5 3 1 6
16 13 15 3 11 0 9 6 12 1 5 7 14 8 0 2
14 9 10 6 13 5 15 1 3 0 2 8 7 12 11 16
