6 0 12 2 1 3 5 4 7 9 8 10 14 13 15 16
9 0 10 3 2 6 8 0 1 0 13 16 5 4 12 11
4 1 13 14 9 10 11 16 5 2 12 15 3 7 8 6
7 5 8 16 13 12 15 14 4 3 11 6 1 2 9 10
1 2 3 4 15 16 14 0 6 7 5 8 9 11 10 12
8 10 11 12 5 9 7 6 0 4 1 2 15 16 3 14
0 9 14 0 8 1 2 3 12 0 10 11 7 6 4 13
13 6 16 0 12 11 4 10 9 15 3 14 0 8 1 5
2 3 1 0 4 0 0 11 0 5 6 7 16 12 13 9
11 7 0 9 3 13 16 1 2 10 4 12 8 14 5 15
0 16 15 0 7 5 12 8 11 1 14 9 6 3 2 4
12 14 4 5 6 2 9 15 3 8 0 13 11 10 7 1
14 8 7 1 10 15 13 12 0 11 9 3 4 5 6 2
16 12 2 10 14 4 3 5 8 6 15 1 13 9 11 7
3 13 5 6 0 7 1 9 14 12 2 4 10 15 16 8
15 4 9 0 16 8 6 2 10 13 7 5 12 1 14 3