16 2 3 1 0 5 6 7 9 8 10 11 12 14 15 13
5 9 10 6 1 8 2 3 12 13 15 0 4 11 7 16
13 15 0 14 9 10 16 12 1 2 7 4 0 5 6 0
0 12 4 8 11 13 15 14 3 5 16 6 2 1 9 10
1 3 5 4 10 0 7 15 6 12 8 9 13 16 11 14
2 7 9 10 8 6 0 13 11 16 14 5 15 0 3 12
6 8 12 16 14 4 11 5 0 15 3 13 9 2 10 1
11 0 14 0 12 3 9 16 4 10 2 1 5 6 8 7
3 1 2 5 13 9 12 4 8 7 6 10 16 15 14 11
4 6 7 9 2 15 3 8 14 11 0 16 10 12 0 5
8 10 16 12 6 1 14 11 5 3 13 15 7 9 2 4
0 11 15 13 7 16 5 10 0 9 0 12 6 8 1 3
0 4 13 11 15 14 10 1 16 6 5 7 8 0 12 2
10 14 6 7 16 11 8 2 15 4 12 3 1 13 5 9
15 16 8 3 5 12 13 9 10 0 11 2 14 7 4 6
12 5 1 0 3 7 4 0 13 14 9 8 11 10 16 15
22 5