7 10 8 6 1 2 3 5 4 11 9 12 13 14 15 16
1 5 9 2 4 6 0 8 13 14 15 16 0 3 11 12
13 3 14 16 0 12 11 15 5 1 2 10 4 6 8 7
11 4 15 12 13 10 14 16 3 7 6 8 0 9 2 5
2 1 3 7 10 11 5 4 6 8 12 13 9 15 16 14
4 6 5 0 12 15 16 2 7 10 14 9 11 0 3 13
9 0 10 15 8 14 0 6 16 5 1 3 7 12 4 2
12 13 16 14 3 7 1 0 11 15 4 2 0 8 6 10
3 2 1 5 6 8 0 7 10 0 16 15 12 4 14 11
6 8 12 9 14 3 0 13 1 4 7 11 2 16 5 15
10 14 4 11 15 16 12 1 2 9 5 6 8 13 7 3
15 16 7 13 0 5 4 11 12 3 8 14 6 10 1 9
5 7 13 3 16 1 2 14 9 0 10 4 15 11 12 8
8 12 6 10 0 13 15 0 0 2 11 1 16 5 9 4
14 15 2 4 11 9 6 12 8 16 0 5 3 7 0 1
16 9 11 1 0 4 8 10 15 12 3 7 14 2 13 0
