22 5
13 15 11 14 1 2 0 5 6 4 7 8 10 0 16 12
8 7 4 10 6 9 13 11 1 2 12 16 3 0 5 15
12 2 5 16 4 8 7 10 9 3 15 14 1 6 0 13
6 9 3 0 12 14 0 15 5 13 10 11 2 7 4 8
1 4 6 5 2 0 12 9 7 14 8 10 15 16 13 11
2 3 7 9 8 16 15 4 11 1 5 0 6 12 10 14
0 8 14 12 13 7 10 1 15 16 6 2 4 3 9 5
10 13 16 0 5 6 11 0 12 9 3 4 7 1 8 2
3 5 8 4 10 11 6 13 2 0 1 7 0 15 14 9
7 1 0 11 9 5 0 12 4 8 16 0 0 10 3 6
14 10 15 6 3 1 2 16 13 11 9 5 12 8 7 4
9 16 12 13 7 15 4 8 3 10 14 6 5 11 2 1
4 12 9 2 14 0 8 3 16 15 13 1 11 5 0 7
16 14 13 7 11 12 1 6 10 5 4 9 8 2 15 0
5 6 10 3 15 4 9 0 8 7 11 12 14 13 1 16
15 11 1 8 16 13 5 7 14 6 2 0 9 4 12 10
