5 3
3 6 10 15 1 2 4 5 8 7 9 11 12 16 13 14
2 13 16 1 3 6 7 8 4 5 12 14 9 10 11 15
4 11 14 12 9 13 10 15 2 1 16 3 5 6 7 8
5 8 7 9 12 11 16 14 10 6 15 13 1 2 3 4
7 2 3 0 6 5 9 1 11 10 8 12 13 15 14 16
1 5 6 10 2 15 8 16 13 14 3 4 11 7 9 12
8 9 11 16 13 10 14 12 5 15 2 7 4 3 6 1
0 14 15 0 11 7 3 4 9 16 1 6 8 5 2 10
9 1 4 3 5 12 15 7 6 8 10 0 14 11 16 13
6 7 2 14 4 16 1 9 12 11 13 5 10 8 15 3
10 15 8 11 14 3 2 13 7 9 4 16 6 12 1 5
13 16 12 5 10 8 6 11 1 3 14 15 2 9 4 7
11 3 1 7 15 9 12 2 14 13 5 0 16 4 8 6
15 4 13 8 7 1 11 10 16 12 6 9 3 14 5 2
16 12 9 2 8 14 5 6 3 4 7 1 15 13 10 11
14 10 5 6 16 4 13 3 15 2 11 8 7 1 12 9
