int[][] res = {
						{2, 1, 9, 7, 6, 4, 5, 3, 8},
						{7, 3, 4, 5, 9, 8, 1, 6, 2},
						{6, 8, 5, 1, 3, 2, 4, 7, 9},
						{8, 5, 1, 3, 4, 9, 7, 2, 6},
						{9, 2, 6, 8, 7, 1, 3, 4, 5},
						{4, 7, 3, 2, 5, 6, 8, 9, 1},
						{5, 6, 8, 4, 2, 7, 9, 1, 3},
						{3, 4, 2, 9, 1, 5, 6, 8, 7},	
						{1, 9, 7, 6, 8, 3, 2, 5, 4}
			};
			int[][] a = {
						{2, 0, 9, 7, 6, 0, 0, 3, 8},
						{0, 0, 4, 5, 0, 8, 1, 0, 0},
						{6, 0, 5, 0, 0, 0, 4, 0, 9},
						{0, 5, 0, 3, 4, 0, 0, 2, 0},
						{0, 0, 0, 0, 0, 1, 0, 0, 0},
						{4, 7, 0, 0, 0, 6, 8, 9, 1},
						{0, 0, 0, 4, 2, 0, 9, 1, 3},
						{0, 4, 2, 9, 1, 0, 6, 0, 0},	
						{0, 9, 7, 0, 0, 0, 2, 0, 4}
			};