13 2 4 1 3 5 6 8 7 10 0 11 0 14 15 0
7 3 5 10 4 1 0 9 12 14 0 16 8 6 13 11
14 0 9 16 7 0 15 11 1 6 13 8 2 3 4 5
11 15 8 6 12 13 14 16 2 3 4 5 7 9 1 10
1 4 2 0 16 3 10 5 6 8 11 9 13 0 12 14
0 5 10 8 0 15 0 6 0 12 1 14 4 16 7 9
6 11 0 13 8 0 9 7 5 15 0 4 10 1 2 3
0 0 16 15 1 12 13 4 3 7 2 10 5 11 6 8
2 1 6 4 10 16 12 14 8 9 5 3 15 13 11 7
5 7 11 0 0 9 3 13 0 1 12 15 16 4 8 2
8 10 13 3 11 2 0 15 4 16 14 6 9 12 5 1
12 16 15 9 5 0 8 1 11 2 7 13 14 10 3 6
10 6 14 0 9 11 4 3 0 13 0 7 1 0 16 12
0 8 1 12 13 6 16 10 9 5 3 2 11 0 14 0
15 9 7 11 14 8 5 12 16 4 6 1 3 2 10 13
16 13 3 5 15 7 1 2 14 11 10 12 6 8 9 4
30 7