5 0 3 1 0 4 7 8 9 10 11 12 14 15 13 16
13 12 16 11 1 5 3 6 2 14 7 15 4 8 0 10
2 10 9 7 0 14 0 0 1 4 16 8 3 12 5 6
4 14 8 15 9 12 10 16 3 0 6 13 1 7 2 0
1 2 4 5 7 3 15 9 6 8 10 11 12 16 0 13
3 7 0 9 5 8 12 13 4 16 1 14 2 10 11 15
8 11 10 16 4 1 14 2 15 12 13 5 6 0 0 9
12 0 15 14 6 10 0 11 7 0 2 0 5 4 1 8
7 0 2 3 8 15 0 10 12 9 14 6 16 13 4 5
6 0 11 4 13 16 9 7 5 0 8 0 0 14 12 2
10 5 12 13 3 6 4 14 11 2 15 16 7 9 8 0
9 16 14 8 12 2 1 5 13 7 4 10 15 11 0 3
11 0 1 10 0 7 5 4 0 0 0 2 8 6 0 12
14 8 13 2 16 9 6 12 10 15 5 7 11 1 3 4
15 9 5 12 10 11 8 1 14 6 3 4 13 2 16 7
16 4 7 6 15 13 2 3 8 11 12 1 9 5 10 14
30 7