2 8 7 13 1 3 4 5 6 14 9 10 11 12 16 0
5 14 9 3 2 6 7 8 11 15 16 12 1 4 10 13
11 15 6 10 9 12 13 16 1 2 3 4 5 14 7 8
1 12 16 4 10 11 0 15 7 0 13 8 2 3 6 0
3 1 2 6 13 5 15 7 8 4 10 9 12 16 11 14
7 5 8 12 4 14 0 11 2 16 0 6 3 13 1 10
4 10 0 16 12 0 8 6 3 1 14 13 0 0 9 5
0 13 14 15 3 1 16 10 0 7 5 11 4 0 8 6
6 3 4 5 8 9 12 14 13 11 1 0 16 10 15 0
10 2 1 7 5 16 6 3 0 0 8 14 13 11 4 12
8 16 13 11 15 4 10 2 5 12 7 3 9 6 14 1
0 0 15 14 7 0 11 1 4 10 6 16 8 0 2 3
13 4 3 8 14 7 5 9 16 6 11 15 10 1 12 2
14 7 0 9 11 0 2 13 10 3 4 1 6 8 0 16
16 11 5 1 6 10 3 12 0 8 2 7 15 0 13 4
0 6 10 2 16 0 0 4 0 13 12 5 14 7 3 11
30 7