30 7
6 15 4 14 2 1 3 5 6 7 8 9 12 10 11 13
3 0 13 8 4 0 0 10 2 11 12 5 9 15 16 14
9 5 7 10 8 11 0 13 4 15 14 0 0 3 2 6
12 11 6 2 0 14 16 15 13 1 3 10 5 4 8 7
2 3 5 7 1 0 0 6 0 8 10 13 15 16 14 12
1 4 8 6 5 15 10 9 12 0 2 14 0 7 13 11
0 9 16 13 7 12 14 0 5 3 11 0 2 6 0 4
11 12 14 15 3 13 0 16 7 0 6 1 0 5 9 0
4 0 3 0 6 7 0 12 1 14 16 11 13 9 10 15
6 7 1 16 10 5 13 2 8 9 15 12 14 11 4 3
0 13 10 11 14 9 15 4 3 2 5 6 16 12 7 1
15 0 9 12 11 16 1 3 10 13 0 4 6 8 5 2
7 8 2 4 15 10 9 14 16 12 0 3 11 1 6 5
5 16 15 1 12 2 0 11 14 10 4 8 7 13 3 9
14 6 12 3 13 0 4 1 11 5 9 7 10 2 15 16
13 10 11 9 0 3 5 7 15 6 1 2 4 14 12 8
