3 12 14 13 1 2 6 4 5 7 8 9 10 11 15 16
1 5 0 11 3 8 0 10 4 2 15 0 6 12 14 13
4 8 6 15 5 7 0 16 10 11 14 12 1 0 3 9
10 16 2 9 11 12 14 15 1 3 6 13 4 5 7 8
2 1 4 5 10 6 11 3 7 0 9 15 13 14 16 12
6 0 8 10 7 0 12 14 0 16 2 1 0 4 5 15
7 11 15 0 9 16 5 1 0 6 12 4 8 3 10 2
0 13 12 16 2 0 4 0 14 10 3 5 11 1 6 7
5 2 1 3 0 14 15 0 12 4 11 10 16 9 8 6
8 14 0 4 12 10 0 2 6 5 1 7 0 13 11 3
12 15 16 7 4 11 0 6 3 9 13 8 14 0 2 5
11 10 13 6 8 5 3 9 2 15 16 14 12 0 1 4
13 6 5 1 14 0 8 0 16 12 7 2 3 15 4 10
15 4 10 8 16 3 7 13 9 14 5 11 0 6 12 1
16 7 11 2 6 1 10 12 15 13 0 0 5 8 9 14
0 9 3 12 15 4 2 5 8 1 10 6 0 16 13 11
