12 4
5 2 11 16 1 3 4 7 6 9 8 0 12 13 14 15
8 6 1 14 2 9 5 11 4 13 12 15 3 7 0 16
3 13 12 9 6 10 15 8 1 14 7 16 2 4 5 11
10 15 7 4 13 12 16 14 2 5 11 3 8 1 6 9
1 3 2 5 12 11 0 15 7 4 10 6 13 16 8 14
4 0 8 0 14 1 13 6 5 16 2 9 11 0 15 12
6 11 13 12 4 7 3 16 8 15 1 14 5 10 9 2
9 14 16 15 8 5 2 10 11 3 13 12 4 6 7 1
2 1 3 6 5 0 11 13 9 12 0 7 15 14 4 10
0 4 9 13 7 2 14 12 10 1 15 5 16 8 3 6
15 16 10 7 3 4 6 1 13 8 0 11 9 12 2 5
12 5 14 8 15 16 10 9 3 0 6 4 7 11 1 13
7 8 6 2 16 14 12 4 15 10 9 13 1 5 11 3
14 9 15 3 11 13 1 5 16 6 4 8 10 2 12 7
13 10 4 0 9 6 7 3 12 11 5 2 14 15 16 8
16 12 5 11 10 15 8 2 14 7 3 1 6 9 13 4
