12 4
14 2 6 4 1 3 0 0 9 0 11 10 13 15 12 16
3 16 11 5 2 4 6 9 1 12 15 13 0 8 10 14
10 13 8 15 12 11 14 16 2 0 4 7 1 6 5 9
1 7 12 9 8 13 10 15 5 6 14 16 2 3 4 11
0 1 3 6 13 16 9 8 4 5 7 11 10 12 14 15
4 0 7 8 15 14 3 6 10 1 9 12 11 16 2 13
9 14 13 16 11 10 12 1 6 15 2 3 5 4 7 8
11 10 15 12 4 7 2 5 13 16 8 14 6 9 1 3
6 3 1 2 7 8 15 4 14 13 16 5 9 10 11 12
5 8 9 10 3 2 11 14 7 4 12 15 16 13 6 0
7 4 14 13 6 9 0 12 3 0 0 1 15 2 8 5
12 15 16 11 5 1 0 10 8 2 6 9 14 7 3 4
15 6 5 14 9 12 7 3 16 10 1 4 8 11 13 2
16 12 4 1 10 6 8 11 15 14 13 2 3 5 9 7
8 11 2 7 16 5 1 13 12 9 3 6 4 14 15 10
13 9 10 3 14 15 4 2 11 7 5 8 12 1 16 6

