1 13 8 16 3 2 4 6 5 9 7 10 11 12 15 14
2 5 15 14 1 8 7 10 3 4 12 11 6 13 9 16
11 4 7 3 5 9 12 14 6 13 16 15 1 2 8 10
9 12 10 6 11 15 13 16 2 1 8 14 4 3 7 5
3 2 5 7 4 1 0 0 8 10 6 12 14 16 11 13
4 1 14 9 6 10 8 13 11 16 2 5 15 7 3 12
6 15 16 12 2 3 11 5 7 14 13 4 8 10 1 9
8 10 11 13 14 7 16 12 9 3 15 1 2 5 6 4
7 3 1 8 9 12 6 15 4 2 5 16 10 14 13 11
5 6 2 10 13 16 14 8 12 7 11 3 9 1 4 15
12 11 13 4 10 5 1 3 14 15 9 8 16 6 2 7
14 16 9 15 7 4 2 11 1 6 10 13 5 8 12 3
15 7 4 5 8 0 3 1 16 12 14 9 13 11 10 0
13 14 6 1 12 11 10 4 15 5 3 2 7 9 16 8
16 9 3 11 15 13 5 2 10 0 1 7 12 4 14 6
10 8 12 2 16 14 9 7 13 11 4 6 3 15 5 1
5 3